0.0380522 0.0014051 1.53121 0.0101558 500 0.785196
0.0814664 0.00318576 1.47027 0.0104913 1000 1.62582
0.209412 0.00780371 1.29434 0.011378 2000 3.54724
0.341641 0.0129267 -1.06814 0.00971426 5000 7.62102
0.108025 0.0039811 -1.36973 0.00998 10000 15.5192
0.541039 0.0205774 0.772909 0.00982547 3000.3 4.65668
0.336275 0.0126533 1.12312 0.0100235 2500 3.92598
0.75513 0.0287252 0.087969 0.0105651 3500.18 5.88494
0.619261 0.0234809 -0.573027 0.0104908 4000 6.65108
0.445531 0.0170819 -0.904869 0.0102924 4500.45 7.29686
0.273393 0.0103695 -1.1647 0.0107151 5500.55 9.22328
0.23 0.00891459 -1.22121 0.0102862 5998.8 9.6402
