0.00464178 0.00140224 1.25664 0.0118382 10 0.0184752
0.00766902 0.00140915 1.3823 0.0118859 20 0.0369504
0.015338 0.00212639 1.44513 0.0148892 50 0.11547
0.0282543 0.00286993 1.50796 0.011938 100 0.184752
0.0533736 0.00206972 1.50796 0.011938 200 0.369504
0.126135 0.00411336 1.41372 0.0148732 500 1.1547
0.245207 0.00788168 1.3069 0.0118568 1000 1.84752
0.451777 0.0145359 1.06814 0.0117749 2000 3.69504
0.775468 0.0252639 0.659734 0.0145902 5000 11.547
0.922187 0.0304294 0.376991 0.0116292 10000 18.4752
0.966138 0.0318566 0.201062 0.0116143 20000 36.9504
0.987315 0.0336198 0.0879646 0.0145118 50000 115.47
0.993658 0.0337266 0.0314159 0.0116085 100000 184.752